==================
11 34 13 36 22 43 27 28 30 18 24 41 8 1 31 10 19 15 20 26 29 38 44 17 23 46 25 48 40 35 42 14 3 47 7 32 33 6 4 12 9 39 45 37 2 5 16 49 21 
28 30 18 24 41 8 1 31 10 19 15 20 26 29 38 44 17 23 46 25 48 40 35 42 14 3 47 7 32 33 6 4 12 9 39 45 37 2 5 16 49 21 11 34 13 36 22 43 27 
31 10 19 15 20 26 29 38 44 17 23 46 25 48 40 35 42 14 3 47 7 32 33 6 4 12 9 39 45 37 2 5 16 49 21 11 34 13 36 22 43 27 28 30 18 24 41 8 1 
38 44 17 23 46 25 48 40 35 42 14 3 47 7 32 33 6 4 12 9 39 45 37 2 5 16 49 21 11 34 13 36 22 43 27 28 30 18 24 41 8 1 31 10 19 15 20 26 29 
40 35 42 14 3 47 7 32 33 6 4 12 9 39 45 37 2 5 16 49 21 11 34 13 36 22 43 27 28 30 18 24 41 8 1 31 10 19 15 20 26 29 38 44 17 23 46 25 48 
32 33 6 4 12 9 39 45 37 2 5 16 49 21 11 34 13 36 22 43 27 28 30 18 24 41 8 1 31 10 19 15 20 26 29 38 44 17 23 46 25 48 40 35 42 14 3 47 7 
45 37 2 5 16 49 21 11 34 13 36 22 43 27 28 30 18 24 41 8 1 31 10 19 15 20 26 29 38 44 17 23 46 25 48 40 35 42 14 3 47 7 32 33 6 4 12 9 39 
34 13 36 22 43 27 28 30 18 24 41 8 1 31 10 19 15 20 26 29 38 44 17 23 46 25 48 40 35 42 14 3 47 7 32 33 6 4 12 9 39 45 37 2 5 16 49 21 11 
30 18 24 41 8 1 31 10 19 15 20 26 29 38 44 17 23 46 25 48 40 35 42 14 3 47 7 32 33 6 4 12 9 39 45 37 2 5 16 49 21 11 34 13 36 22 43 27 28 
10 19 15 20 26 29 38 44 17 23 46 25 48 40 35 42 14 3 47 7 32 33 6 4 12 9 39 45 37 2 5 16 49 21 11 34 13 36 22 43 27 28 30 18 24 41 8 1 31 
44 17 23 46 25 48 40 35 42 14 3 47 7 32 33 6 4 12 9 39 45 37 2 5 16 49 21 11 34 13 36 22 43 27 28 30 18 24 41 8 1 31 10 19 15 20 26 29 38 
35 42 14 3 47 7 32 33 6 4 12 9 39 45 37 2 5 16 49 21 11 34 13 36 22 43 27 28 30 18 24 41 8 1 31 10 19 15 20 26 29 38 44 17 23 46 25 48 40 
33 6 4 12 9 39 45 37 2 5 16 49 21 11 34 13 36 22 43 27 28 30 18 24 41 8 1 31 10 19 15 20 26 29 38 44 17 23 46 25 48 40 35 42 14 3 47 7 32 
37 2 5 16 49 21 11 34 13 36 22 43 27 28 30 18 24 41 8 1 31 10 19 15 20 26 29 38 44 17 23 46 25 48 40 35 42 14 3 47 7 32 33 6 4 12 9 39 45 
13 36 22 43 27 28 30 18 24 41 8 1 31 10 19 15 20 26 29 38 44 17 23 46 25 48 40 35 42 14 3 47 7 32 33 6 4 12 9 39 45 37 2 5 16 49 21 11 34 
18 24 41 8 1 31 10 19 15 20 26 29 38 44 17 23 46 25 48 40 35 42 14 3 47 7 32 33 6 4 12 9 39 45 37 2 5 16 49 21 11 34 13 36 22 43 27 28 30 
19 15 20 26 29 38 44 17 23 46 25 48 40 35 42 14 3 47 7 32 33 6 4 12 9 39 45 37 2 5 16 49 21 11 34 13 36 22 43 27 28 30 18 24 41 8 1 31 10 
17 23 46 25 48 40 35 42 14 3 47 7 32 33 6 4 12 9 39 45 37 2 5 16 49 21 11 34 13 36 22 43 27 28 30 18 24 41 8 1 31 10 19 15 20 26 29 38 44 
42 14 3 47 7 32 33 6 4 12 9 39 45 37 2 5 16 49 21 11 34 13 36 22 43 27 28 30 18 24 41 8 1 31 10 19 15 20 26 29 38 44 17 23 46 25 48 40 35 
6 4 12 9 39 45 37 2 5 16 49 21 11 34 13 36 22 43 27 28 30 18 24 41 8 1 31 10 19 15 20 26 29 38 44 17 23 46 25 48 40 35 42 14 3 47 7 32 33 
2 5 16 49 21 11 34 13 36 22 43 27 28 30 18 24 41 8 1 31 10 19 15 20 26 29 38 44 17 23 46 25 48 40 35 42 14 3 47 7 32 33 6 4 12 9 39 45 37 
36 22 43 27 28 30 18 24 41 8 1 31 10 19 15 20 26 29 38 44 17 23 46 25 48 40 35 42 14 3 47 7 32 33 6 4 12 9 39 45 37 2 5 16 49 21 11 34 13 
24 41 8 1 31 10 19 15 20 26 29 38 44 17 23 46 25 48 40 35 42 14 3 47 7 32 33 6 4 12 9 39 45 37 2 5 16 49 21 11 34 13 36 22 43 27 28 30 18 
15 20 26 29 38 44 17 23 46 25 48 40 35 42 14 3 47 7 32 33 6 4 12 9 39 45 37 2 5 16 49 21 11 34 13 36 22 43 27 28 30 18 24 41 8 1 31 10 19 
23 46 25 48 40 35 42 14 3 47 7 32 33 6 4 12 9 39 45 37 2 5 16 49 21 11 34 13 36 22 43 27 28 30 18 24 41 8 1 31 10 19 15 20 26 29 38 44 17 
14 3 47 7 32 33 6 4 12 9 39 45 37 2 5 16 49 21 11 34 13 36 22 43 27 28 30 18 24 41 8 1 31 10 19 15 20 26 29 38 44 17 23 46 25 48 40 35 42 
4 12 9 39 45 37 2 5 16 49 21 11 34 13 36 22 43 27 28 30 18 24 41 8 1 31 10 19 15 20 26 29 38 44 17 23 46 25 48 40 35 42 14 3 47 7 32 33 6 
5 16 49 21 11 34 13 36 22 43 27 28 30 18 24 41 8 1 31 10 19 15 20 26 29 38 44 17 23 46 25 48 40 35 42 14 3 47 7 32 33 6 4 12 9 39 45 37 2 
22 43 27 28 30 18 24 41 8 1 31 10 19 15 20 26 29 38 44 17 23 46 25 48 40 35 42 14 3 47 7 32 33 6 4 12 9 39 45 37 2 5 16 49 21 11 34 13 36 
41 8 1 31 10 19 15 20 26 29 38 44 17 23 46 25 48 40 35 42 14 3 47 7 32 33 6 4 12 9 39 45 37 2 5 16 49 21 11 34 13 36 22 43 27 28 30 18 24 
20 26 29 38 44 17 23 46 25 48 40 35 42 14 3 47 7 32 33 6 4 12 9 39 45 37 2 5 16 49 21 11 34 13 36 22 43 27 28 30 18 24 41 8 1 31 10 19 15 
46 25 48 40 35 42 14 3 47 7 32 33 6 4 12 9 39 45 37 2 5 16 49 21 11 34 13 36 22 43 27 28 30 18 24 41 8 1 31 10 19 15 20 26 29 38 44 17 23 
3 47 7 32 33 6 4 12 9 39 45 37 2 5 16 49 21 11 34 13 36 22 43 27 28 30 18 24 41 8 1 31 10 19 15 20 26 29 38 44 17 23 46 25 48 40 35 42 14 
12 9 39 45 37 2 5 16 49 21 11 34 13 36 22 43 27 28 30 18 24 41 8 1 31 10 19 15 20 26 29 38 44 17 23 46 25 48 40 35 42 14 3 47 7 32 33 6 4 
16 49 21 11 34 13 36 22 43 27 28 30 18 24 41 8 1 31 10 19 15 20 26 29 38 44 17 23 46 25 48 40 35 42 14 3 47 7 32 33 6 4 12 9 39 45 37 2 5 
43 27 28 30 18 24 41 8 1 31 10 19 15 20 26 29 38 44 17 23 46 25 48 40 35 42 14 3 47 7 32 33 6 4 12 9 39 45 37 2 5 16 49 21 11 34 13 36 22 
8 1 31 10 19 15 20 26 29 38 44 17 23 46 25 48 40 35 42 14 3 47 7 32 33 6 4 12 9 39 45 37 2 5 16 49 21 11 34 13 36 22 43 27 28 30 18 24 41 
26 29 38 44 17 23 46 25 48 40 35 42 14 3 47 7 32 33 6 4 12 9 39 45 37 2 5 16 49 21 11 34 13 36 22 43 27 28 30 18 24 41 8 1 31 10 19 15 20 
25 48 40 35 42 14 3 47 7 32 33 6 4 12 9 39 45 37 2 5 16 49 21 11 34 13 36 22 43 27 28 30 18 24 41 8 1 31 10 19 15 20 26 29 38 44 17 23 46 
47 7 32 33 6 4 12 9 39 45 37 2 5 16 49 21 11 34 13 36 22 43 27 28 30 18 24 41 8 1 31 10 19 15 20 26 29 38 44 17 23 46 25 48 40 35 42 14 3 
9 39 45 37 2 5 16 49 21 11 34 13 36 22 43 27 28 30 18 24 41 8 1 31 10 19 15 20 26 29 38 44 17 23 46 25 48 40 35 42 14 3 47 7 32 33 6 4 12 
49 21 11 34 13 36 22 43 27 28 30 18 24 41 8 1 31 10 19 15 20 26 29 38 44 17 23 46 25 48 40 35 42 14 3 47 7 32 33 6 4 12 9 39 45 37 2 5 16 
27 28 30 18 24 41 8 1 31 10 19 15 20 26 29 38 44 17 23 46 25 48 40 35 42 14 3 47 7 32 33 6 4 12 9 39 45 37 2 5 16 49 21 11 34 13 36 22 43 
1 31 10 19 15 20 26 29 38 44 17 23 46 25 48 40 35 42 14 3 47 7 32 33 6 4 12 9 39 45 37 2 5 16 49 21 11 34 13 36 22 43 27 28 30 18 24 41 8 
29 38 44 17 23 46 25 48 40 35 42 14 3 47 7 32 33 6 4 12 9 39 45 37 2 5 16 49 21 11 34 13 36 22 43 27 28 30 18 24 41 8 1 31 10 19 15 20 26 
48 40 35 42 14 3 47 7 32 33 6 4 12 9 39 45 37 2 5 16 49 21 11 34 13 36 22 43 27 28 30 18 24 41 8 1 31 10 19 15 20 26 29 38 44 17 23 46 25 
7 32 33 6 4 12 9 39 45 37 2 5 16 49 21 11 34 13 36 22 43 27 28 30 18 24 41 8 1 31 10 19 15 20 26 29 38 44 17 23 46 25 48 40 35 42 14 3 47 
39 45 37 2 5 16 49 21 11 34 13 36 22 43 27 28 30 18 24 41 8 1 31 10 19 15 20 26 29 38 44 17 23 46 25 48 40 35 42 14 3 47 7 32 33 6 4 12 9 
21 11 34 13 36 22 43 27 28 30 18 24 41 8 1 31 10 19 15 20 26 29 38 44 17 23 46 25 48 40 35 42 14 3 47 7 32 33 6 4 12 9 39 45 37 2 5 16 49 
==================
11 34 13 36 22 43 27 28 30 18 24 41 8 1 31 10 19 15 20 26 29 38 44 17 23 46 25 48 40 35 42 14 3 47 7 32 33 6 4 12 9 39 45 37 2 5 16 49 21 
28 30 18 24 41 8 1 31 10 19 15 20 26 29 38 44 17 23 46 25 48 40 35 42 14 3 47 7 32 33 6 4 12 9 39 45 37 2 5 16 49 21 11 34 13 36 22 43 27 
31 10 19 15 20 26 29 38 44 17 23 46 25 48 40 35 42 14 3 47 7 32 33 6 4 12 9 39 45 37 2 5 16 49 21 11 34 13 36 22 43 27 28 30 18 24 41 8 1 
38 44 17 23 46 25 48 40 35 42 14 3 47 7 32 33 6 4 12 9 39 45 37 2 5 16 49 21 11 34 13 36 22 43 27 28 30 18 24 41 8 1 31 10 19 15 20 26 29 
40 35 42 14 3 47 7 32 33 6 4 12 9 39 45 37 2 5 16 49 21 11 34 13 36 22 43 27 28 30 18 24 41 8 1 31 10 19 15 20 26 29 38 44 17 23 46 25 48 
32 33 6 4 12 9 39 45 37 2 5 16 49 21 11 34 13 36 22 43 27 28 30 18 24 41 8 1 31 10 19 15 20 26 29 38 44 17 23 46 25 48 40 35 42 14 3 47 7 
45 37 2 5 16 49 21 11 34 13 36 22 43 27 28 30 18 24 41 8 1 31 10 19 15 20 26 29 38 44 17 23 46 25 48 40 35 42 14 3 47 7 32 33 6 4 12 9 39 
34 13 36 22 43 27 28 30 18 24 41 8 1 31 10 19 15 20 26 29 38 44 17 23 46 25 48 40 35 42 14 3 47 7 32 33 6 4 12 9 39 45 37 2 5 16 49 21 11 
30 18 24 41 8 1 31 10 19 15 20 26 29 38 44 17 23 46 25 48 40 35 42 14 3 47 7 32 33 6 4 12 9 39 45 37 2 5 16 49 21 11 34 13 36 22 43 27 28 
10 19 15 20 26 29 38 44 17 23 46 25 48 40 35 42 14 3 47 7 32 33 6 4 12 9 39 45 37 2 5 16 49 21 11 34 13 36 22 43 27 28 30 18 24 41 8 1 31 
44 17 23 46 25 48 40 35 42 14 3 47 7 32 33 6 4 12 9 39 45 37 2 5 16 49 21 11 34 13 36 22 43 27 28 30 18 24 41 8 1 31 10 19 15 20 26 29 38 
35 42 14 3 47 7 32 33 6 4 12 9 39 45 37 2 5 16 49 21 11 34 13 36 22 43 27 28 30 18 24 41 8 1 31 10 19 15 20 26 29 38 44 17 23 46 25 48 40 
33 6 4 12 9 39 45 37 2 5 16 49 21 11 34 13 36 22 43 27 28 30 18 24 41 8 1 31 10 19 15 20 26 29 38 44 17 23 46 25 48 40 35 42 14 3 47 7 32 
37 2 5 16 49 21 11 34 13 36 22 43 27 28 30 18 24 41 8 1 31 10 19 15 20 26 29 38 44 17 23 46 25 48 40 35 42 14 3 47 7 32 33 6 4 12 9 39 45 
13 36 22 43 27 28 30 18 24 41 8 1 31 10 19 15 20 26 29 38 44 17 23 46 25 48 40 35 42 14 3 47 7 32 33 6 4 12 9 39 45 37 2 5 16 49 21 11 34 
18 24 41 8 1 31 10 19 15 20 26 29 38 44 17 23 46 25 48 40 35 42 14 3 47 7 32 33 6 4 12 9 39 45 37 2 5 16 49 21 11 34 13 36 22 43 27 28 30 
19 15 20 26 29 38 44 17 23 46 25 48 40 35 42 14 3 47 7 32 33 6 4 12 9 39 45 37 2 5 16 49 21 11 34 13 36 22 43 27 28 30 18 24 41 8 1 31 10 
17 23 46 25 48 40 35 42 14 3 47 7 32 33 6 4 12 9 39 45 37 2 5 16 49 21 11 34 13 36 22 43 27 28 30 18 24 41 8 1 31 10 19 15 20 26 29 38 44 
42 14 3 47 7 32 33 6 4 12 9 39 45 37 2 5 16 49 21 11 34 13 36 22 43 27 28 30 18 24 41 8 1 31 10 19 15 20 26 29 38 44 17 23 46 25 48 40 35 
6 4 12 9 39 45 37 2 5 16 49 21 11 34 13 36 22 43 27 28 30 18 24 41 8 1 31 10 19 15 20 26 29 38 44 17 23 46 25 48 40 35 42 14 3 47 7 32 33 
2 5 16 49 21 11 34 13 36 22 43 27 28 30 18 24 41 8 1 31 10 19 15 20 26 29 38 44 17 23 46 25 48 40 35 42 14 3 47 7 32 33 6 4 12 9 39 45 37 
36 22 43 27 28 30 18 24 41 8 1 31 10 19 15 20 26 29 38 44 17 23 46 25 48 40 35 42 14 3 47 7 32 33 6 4 12 9 39 45 37 2 5 16 49 21 11 34 13 
24 41 8 1 31 10 19 15 20 26 29 38 44 17 23 46 25 48 40 35 42 14 3 47 7 32 33 6 4 12 9 39 45 37 2 5 16 49 21 11 34 13 36 22 43 27 28 30 18 
15 20 26 29 38 44 17 23 46 25 48 40 35 42 14 3 47 7 32 33 6 4 12 9 39 45 37 2 5 16 49 21 11 34 13 36 22 43 27 28 30 18 24 41 8 1 31 10 19 
23 46 25 48 40 35 42 14 3 47 7 32 33 6 4 12 9 39 45 37 2 5 16 49 21 11 34 13 36 22 43 27 28 30 18 24 41 8 1 31 10 19 15 20 26 29 38 44 17 
14 3 47 7 32 33 6 4 12 9 39 45 37 2 5 16 49 21 11 34 13 36 22 43 27 28 30 18 24 41 8 1 31 10 19 15 20 26 29 38 44 17 23 46 25 48 40 35 42 
4 12 9 39 45 37 2 5 16 49 21 11 34 13 36 22 43 27 28 30 18 24 41 8 1 31 10 19 15 20 26 29 38 44 17 23 46 25 48 40 35 42 14 3 47 7 32 33 6 
5 16 49 21 11 34 13 36 22 43 27 28 30 18 24 41 8 1 31 10 19 15 20 26 29 38 44 17 23 46 25 48 40 35 42 14 3 47 7 32 33 6 4 12 9 39 45 37 2 
22 43 27 28 30 18 24 41 8 1 31 10 19 15 20 26 29 38 44 17 23 46 25 48 40 35 42 14 3 47 7 32 33 6 4 12 9 39 45 37 2 5 16 49 21 11 34 13 36 
41 8 1 31 10 19 15 20 26 29 38 44 17 23 46 25 48 40 35 42 14 3 47 7 32 33 6 4 12 9 39 45 37 2 5 16 49 21 11 34 13 36 22 43 27 28 30 18 24 
20 26 29 38 44 17 23 46 25 48 40 35 42 14 3 47 7 32 33 6 4 12 9 39 45 37 2 5 16 49 21 11 34 13 36 22 43 27 28 30 18 24 41 8 1 31 10 19 15 
46 25 48 40 35 42 14 3 47 7 32 33 6 4 12 9 39 45 37 2 5 16 49 21 11 34 13 36 22 43 27 28 30 18 24 41 8 1 31 10 19 15 20 26 29 38 44 17 23 
3 47 7 32 33 6 4 12 9 39 45 37 2 5 16 49 21 11 34 13 36 22 43 27 28 30 18 24 41 8 1 31 10 19 15 20 26 29 38 44 17 23 46 25 48 40 35 42 14 
12 9 39 45 37 2 5 16 49 21 11 34 13 36 22 43 27 28 30 18 24 41 8 1 31 10 19 15 20 26 29 38 44 17 23 46 25 48 40 35 42 14 3 47 7 32 33 6 4 
16 49 21 11 34 13 36 22 43 27 28 30 18 24 41 8 1 31 10 19 15 20 26 29 38 44 17 23 46 25 48 40 35 42 14 3 47 7 32 33 6 4 12 9 39 45 37 2 5 
43 27 28 30 18 24 41 8 1 31 10 19 15 20 26 29 38 44 17 23 46 25 48 40 35 42 14 3 47 7 32 33 6 4 12 9 39 45 37 2 5 16 49 21 11 34 13 36 22 
8 1 31 10 19 15 20 26 29 38 44 17 23 46 25 48 40 35 42 14 3 47 7 32 33 6 4 12 9 39 45 37 2 5 16 49 21 11 34 13 36 22 43 27 28 30 18 24 41 
26 29 38 44 17 23 46 25 48 40 35 42 14 3 47 7 32 33 6 4 12 9 39 45 37 2 5 16 49 21 11 34 13 36 22 43 27 28 30 18 24 41 8 1 31 10 19 15 20 
25 48 40 35 42 14 3 47 7 32 33 6 4 12 9 39 45 37 2 5 16 49 21 11 34 13 36 22 43 27 28 30 18 24 41 8 1 31 10 19 15 20 26 29 38 44 17 23 46 
47 7 32 33 6 4 12 9 39 45 37 2 5 16 49 21 11 34 13 36 22 43 27 28 30 18 24 41 8 1 31 10 19 15 20 26 29 38 44 17 23 46 25 48 40 35 42 14 3 
9 39 45 37 2 5 16 49 21 11 34 13 36 22 43 27 28 30 18 24 41 8 1 31 10 19 15 20 26 29 38 44 17 23 46 25 48 40 35 42 14 3 47 7 32 33 6 4 12 
49 21 11 34 13 36 22 43 27 28 30 18 24 41 8 1 31 10 19 15 20 26 29 38 44 17 23 46 25 48 40 35 42 14 3 47 7 32 33 6 4 12 9 39 45 37 2 5 16 
27 28 30 18 24 41 8 1 31 10 19 15 20 26 29 38 44 17 23 46 25 48 40 35 42 14 3 47 7 32 33 6 4 12 9 39 45 37 2 5 16 49 21 11 34 13 36 22 43 
1 31 10 19 15 20 26 29 38 44 17 23 46 25 48 40 35 42 14 3 47 7 32 33 6 4 12 9 39 45 37 2 5 16 49 21 11 34 13 36 22 43 27 28 30 18 24 41 8 
29 38 44 17 23 46 25 48 40 35 42 14 3 47 7 32 33 6 4 12 9 39 45 37 2 5 16 49 21 11 34 13 36 22 43 27 28 30 18 24 41 8 1 31 10 19 15 20 26 
48 40 35 42 14 3 47 7 32 33 6 4 12 9 39 45 37 2 5 16 49 21 11 34 13 36 22 43 27 28 30 18 24 41 8 1 31 10 19 15 20 26 29 38 44 17 23 46 25 
7 32 33 6 4 12 9 39 45 37 2 5 16 49 21 11 34 13 36 22 43 27 28 30 18 24 41 8 1 31 10 19 15 20 26 29 38 44 17 23 46 25 48 40 35 42 14 3 47 
39 45 37 2 5 16 49 21 11 34 13 36 22 43 27 28 30 18 24 41 8 1 31 10 19 15 20 26 29 38 44 17 23 46 25 48 40 35 42 14 3 47 7 32 33 6 4 12 9 
21 11 34 13 36 22 43 27 28 30 18 24 41 8 1 31 10 19 15 20 26 29 38 44 17 23 46 25 48 40 35 42 14 3 47 7 32 33 6 4 12 9 39 45 37 2 5 16 49 
