==================
32 18 46 50 52 51 21 57 9 19 6 10 12 14 38 11 4 1 54 49 43 45 15 34 41 53 25 44 40 26 5 64 27 8 56 7 33 39 48 2 23 55 62 22 29 20 16 42 3 28 36 13 24 31 17 60 58 63 59 47 37 61 30 35 
9 19 6 10 12 14 38 11 4 1 54 49 43 45 15 34 41 53 25 44 40 26 5 64 27 8 56 7 33 39 48 2 23 55 62 22 29 20 16 42 3 28 36 13 24 31 17 60 58 63 59 47 37 61 30 35 32 18 46 50 52 51 21 57 
4 1 54 49 43 45 15 34 41 53 25 44 40 26 5 64 27 8 56 7 33 39 48 2 23 55 62 22 29 20 16 42 3 28 36 13 24 31 17 60 58 63 59 47 37 61 30 35 32 18 46 50 52 51 21 57 9 19 6 10 12 14 38 11 
41 53 25 44 40 26 5 64 27 8 56 7 33 39 48 2 23 55 62 22 29 20 16 42 3 28 36 13 24 31 17 60 58 63 59 47 37 61 30 35 32 18 46 50 52 51 21 57 9 19 6 10 12 14 38 11 4 1 54 49 43 45 15 34 
27 8 56 7 33 39 48 2 23 55 62 22 29 20 16 42 3 28 36 13 24 31 17 60 58 63 59 47 37 61 30 35 32 18 46 50 52 51 21 57 9 19 6 10 12 14 38 11 4 1 54 49 43 45 15 34 41 53 25 44 40 26 5 64 
23 55 62 22 29 20 16 42 3 28 36 13 24 31 17 60 58 63 59 47 37 61 30 35 32 18 46 50 52 51 21 57 9 19 6 10 12 14 38 11 4 1 54 49 43 45 15 34 41 53 25 44 40 26 5 64 27 8 56 7 33 39 48 2 
3 28 36 13 24 31 17 60 58 63 59 47 37 61 30 35 32 18 46 50 52 51 21 57 9 19 6 10 12 14 38 11 4 1 54 49 43 45 15 34 41 53 25 44 40 26 5 64 27 8 56 7 33 39 48 2 23 55 62 22 29 20 16 42 
58 63 59 47 37 61 30 35 32 18 46 50 52 51 21 57 9 19 6 10 12 14 38 11 4 1 54 49 43 45 15 34 41 53 25 44 40 26 5 64 27 8 56 7 33 39 48 2 23 55 62 22 29 20 16 42 3 28 36 13 24 31 17 60 
18 46 50 52 51 21 57 9 19 6 10 12 14 38 11 4 1 54 49 43 45 15 34 41 53 25 44 40 26 5 64 27 8 56 7 33 39 48 2 23 55 62 22 29 20 16 42 3 28 36 13 24 31 17 60 58 63 59 47 37 61 30 35 32 
19 6 10 12 14 38 11 4 1 54 49 43 45 15 34 41 53 25 44 40 26 5 64 27 8 56 7 33 39 48 2 23 55 62 22 29 20 16 42 3 28 36 13 24 31 17 60 58 63 59 47 37 61 30 35 32 18 46 50 52 51 21 57 9 
1 54 49 43 45 15 34 41 53 25 44 40 26 5 64 27 8 56 7 33 39 48 2 23 55 62 22 29 20 16 42 3 28 36 13 24 31 17 60 58 63 59 47 37 61 30 35 32 18 46 50 52 51 21 57 9 19 6 10 12 14 38 11 4 
53 25 44 40 26 5 64 27 8 56 7 33 39 48 2 23 55 62 22 29 20 16 42 3 28 36 13 24 31 17 60 58 63 59 47 37 61 30 35 32 18 46 50 52 51 21 57 9 19 6 10 12 14 38 11 4 1 54 49 43 45 15 34 41 
8 56 7 33 39 48 2 23 55 62 22 29 20 16 42 3 28 36 13 24 31 17 60 58 63 59 47 37 61 30 35 32 18 46 50 52 51 21 57 9 19 6 10 12 14 38 11 4 1 54 49 43 45 15 34 41 53 25 44 40 26 5 64 27 
55 62 22 29 20 16 42 3 28 36 13 24 31 17 60 58 63 59 47 37 61 30 35 32 18 46 50 52 51 21 57 9 19 6 10 12 14 38 11 4 1 54 49 43 45 15 34 41 53 25 44 40 26 5 64 27 8 56 7 33 39 48 2 23 
28 36 13 24 31 17 60 58 63 59 47 37 61 30 35 32 18 46 50 52 51 21 57 9 19 6 10 12 14 38 11 4 1 54 49 43 45 15 34 41 53 25 44 40 26 5 64 27 8 56 7 33 39 48 2 23 55 62 22 29 20 16 42 3 
63 59 47 37 61 30 35 32 18 46 50 52 51 21 57 9 19 6 10 12 14 38 11 4 1 54 49 43 45 15 34 41 53 25 44 40 26 5 64 27 8 56 7 33 39 48 2 23 55 62 22 29 20 16 42 3 28 36 13 24 31 17 60 58 
46 50 52 51 21 57 9 19 6 10 12 14 38 11 4 1 54 49 43 45 15 34 41 53 25 44 40 26 5 64 27 8 56 7 33 39 48 2 23 55 62 22 29 20 16 42 3 28 36 13 24 31 17 60 58 63 59 47 37 61 30 35 32 18 
6 10 12 14 38 11 4 1 54 49 43 45 15 34 41 53 25 44 40 26 5 64 27 8 56 7 33 39 48 2 23 55 62 22 29 20 16 42 3 28 36 13 24 31 17 60 58 63 59 47 37 61 30 35 32 18 46 50 52 51 21 57 9 19 
54 49 43 45 15 34 41 53 25 44 40 26 5 64 27 8 56 7 33 39 48 2 23 55 62 22 29 20 16 42 3 28 36 13 24 31 17 60 58 63 59 47 37 61 30 35 32 18 46 50 52 51 21 57 9 19 6 10 12 14 38 11 4 1 
25 44 40 26 5 64 27 8 56 7 33 39 48 2 23 55 62 22 29 20 16 42 3 28 36 13 24 31 17 60 58 63 59 47 37 61 30 35 32 18 46 50 52 51 21 57 9 19 6 10 12 14 38 11 4 1 54 49 43 45 15 34 41 53 
56 7 33 39 48 2 23 55 62 22 29 20 16 42 3 28 36 13 24 31 17 60 58 63 59 47 37 61 30 35 32 18 46 50 52 51 21 57 9 19 6 10 12 14 38 11 4 1 54 49 43 45 15 34 41 53 25 44 40 26 5 64 27 8 
62 22 29 20 16 42 3 28 36 13 24 31 17 60 58 63 59 47 37 61 30 35 32 18 46 50 52 51 21 57 9 19 6 10 12 14 38 11 4 1 54 49 43 45 15 34 41 53 25 44 40 26 5 64 27 8 56 7 33 39 48 2 23 55 
36 13 24 31 17 60 58 63 59 47 37 61 30 35 32 18 46 50 52 51 21 57 9 19 6 10 12 14 38 11 4 1 54 49 43 45 15 34 41 53 25 44 40 26 5 64 27 8 56 7 33 39 48 2 23 55 62 22 29 20 16 42 3 28 
59 47 37 61 30 35 32 18 46 50 52 51 21 57 9 19 6 10 12 14 38 11 4 1 54 49 43 45 15 34 41 53 25 44 40 26 5 64 27 8 56 7 33 39 48 2 23 55 62 22 29 20 16 42 3 28 36 13 24 31 17 60 58 63 
50 52 51 21 57 9 19 6 10 12 14 38 11 4 1 54 49 43 45 15 34 41 53 25 44 40 26 5 64 27 8 56 7 33 39 48 2 23 55 62 22 29 20 16 42 3 28 36 13 24 31 17 60 58 63 59 47 37 61 30 35 32 18 46 
10 12 14 38 11 4 1 54 49 43 45 15 34 41 53 25 44 40 26 5 64 27 8 56 7 33 39 48 2 23 55 62 22 29 20 16 42 3 28 36 13 24 31 17 60 58 63 59 47 37 61 30 35 32 18 46 50 52 51 21 57 9 19 6 
49 43 45 15 34 41 53 25 44 40 26 5 64 27 8 56 7 33 39 48 2 23 55 62 22 29 20 16 42 3 28 36 13 24 31 17 60 58 63 59 47 37 61 30 35 32 18 46 50 52 51 21 57 9 19 6 10 12 14 38 11 4 1 54 
44 40 26 5 64 27 8 56 7 33 39 48 2 23 55 62 22 29 20 16 42 3 28 36 13 24 31 17 60 58 63 59 47 37 61 30 35 32 18 46 50 52 51 21 57 9 19 6 10 12 14 38 11 4 1 54 49 43 45 15 34 41 53 25 
7 33 39 48 2 23 55 62 22 29 20 16 42 3 28 36 13 24 31 17 60 58 63 59 47 37 61 30 35 32 18 46 50 52 51 21 57 9 19 6 10 12 14 38 11 4 1 54 49 43 45 15 34 41 53 25 44 40 26 5 64 27 8 56 
22 29 20 16 42 3 28 36 13 24 31 17 60 58 63 59 47 37 61 30 35 32 18 46 50 52 51 21 57 9 19 6 10 12 14 38 11 4 1 54 49 43 45 15 34 41 53 25 44 40 26 5 64 27 8 56 7 33 39 48 2 23 55 62 
13 24 31 17 60 58 63 59 47 37 61 30 35 32 18 46 50 52 51 21 57 9 19 6 10 12 14 38 11 4 1 54 49 43 45 15 34 41 53 25 44 40 26 5 64 27 8 56 7 33 39 48 2 23 55 62 22 29 20 16 42 3 28 36 
47 37 61 30 35 32 18 46 50 52 51 21 57 9 19 6 10 12 14 38 11 4 1 54 49 43 45 15 34 41 53 25 44 40 26 5 64 27 8 56 7 33 39 48 2 23 55 62 22 29 20 16 42 3 28 36 13 24 31 17 60 58 63 59 
52 51 21 57 9 19 6 10 12 14 38 11 4 1 54 49 43 45 15 34 41 53 25 44 40 26 5 64 27 8 56 7 33 39 48 2 23 55 62 22 29 20 16 42 3 28 36 13 24 31 17 60 58 63 59 47 37 61 30 35 32 18 46 50 
12 14 38 11 4 1 54 49 43 45 15 34 41 53 25 44 40 26 5 64 27 8 56 7 33 39 48 2 23 55 62 22 29 20 16 42 3 28 36 13 24 31 17 60 58 63 59 47 37 61 30 35 32 18 46 50 52 51 21 57 9 19 6 10 
43 45 15 34 41 53 25 44 40 26 5 64 27 8 56 7 33 39 48 2 23 55 62 22 29 20 16 42 3 28 36 13 24 31 17 60 58 63 59 47 37 61 30 35 32 18 46 50 52 51 21 57 9 19 6 10 12 14 38 11 4 1 54 49 
40 26 5 64 27 8 56 7 33 39 48 2 23 55 62 22 29 20 16 42 3 28 36 13 24 31 17 60 58 63 59 47 37 61 30 35 32 18 46 50 52 51 21 57 9 19 6 10 12 14 38 11 4 1 54 49 43 45 15 34 41 53 25 44 
33 39 48 2 23 55 62 22 29 20 16 42 3 28 36 13 24 31 17 60 58 63 59 47 37 61 30 35 32 18 46 50 52 51 21 57 9 19 6 10 12 14 38 11 4 1 54 49 43 45 15 34 41 53 25 44 40 26 5 64 27 8 56 7 
29 20 16 42 3 28 36 13 24 31 17 60 58 63 59 47 37 61 30 35 32 18 46 50 52 51 21 57 9 19 6 10 12 14 38 11 4 1 54 49 43 45 15 34 41 53 25 44 40 26 5 64 27 8 56 7 33 39 48 2 23 55 62 22 
24 31 17 60 58 63 59 47 37 61 30 35 32 18 46 50 52 51 21 57 9 19 6 10 12 14 38 11 4 1 54 49 43 45 15 34 41 53 25 44 40 26 5 64 27 8 56 7 33 39 48 2 23 55 62 22 29 20 16 42 3 28 36 13 
37 61 30 35 32 18 46 50 52 51 21 57 9 19 6 10 12 14 38 11 4 1 54 49 43 45 15 34 41 53 25 44 40 26 5 64 27 8 56 7 33 39 48 2 23 55 62 22 29 20 16 42 3 28 36 13 24 31 17 60 58 63 59 47 
51 21 57 9 19 6 10 12 14 38 11 4 1 54 49 43 45 15 34 41 53 25 44 40 26 5 64 27 8 56 7 33 39 48 2 23 55 62 22 29 20 16 42 3 28 36 13 24 31 17 60 58 63 59 47 37 61 30 35 32 18 46 50 52 
14 38 11 4 1 54 49 43 45 15 34 41 53 25 44 40 26 5 64 27 8 56 7 33 39 48 2 23 55 62 22 29 20 16 42 3 28 36 13 24 31 17 60 58 63 59 47 37 61 30 35 32 18 46 50 52 51 21 57 9 19 6 10 12 
45 15 34 41 53 25 44 40 26 5 64 27 8 56 7 33 39 48 2 23 55 62 22 29 20 16 42 3 28 36 13 24 31 17 60 58 63 59 47 37 61 30 35 32 18 46 50 52 51 21 57 9 19 6 10 12 14 38 11 4 1 54 49 43 
26 5 64 27 8 56 7 33 39 48 2 23 55 62 22 29 20 16 42 3 28 36 13 24 31 17 60 58 63 59 47 37 61 30 35 32 18 46 50 52 51 21 57 9 19 6 10 12 14 38 11 4 1 54 49 43 45 15 34 41 53 25 44 40 
39 48 2 23 55 62 22 29 20 16 42 3 28 36 13 24 31 17 60 58 63 59 47 37 61 30 35 32 18 46 50 52 51 21 57 9 19 6 10 12 14 38 11 4 1 54 49 43 45 15 34 41 53 25 44 40 26 5 64 27 8 56 7 33 
20 16 42 3 28 36 13 24 31 17 60 58 63 59 47 37 61 30 35 32 18 46 50 52 51 21 57 9 19 6 10 12 14 38 11 4 1 54 49 43 45 15 34 41 53 25 44 40 26 5 64 27 8 56 7 33 39 48 2 23 55 62 22 29 
31 17 60 58 63 59 47 37 61 30 35 32 18 46 50 52 51 21 57 9 19 6 10 12 14 38 11 4 1 54 49 43 45 15 34 41 53 25 44 40 26 5 64 27 8 56 7 33 39 48 2 23 55 62 22 29 20 16 42 3 28 36 13 24 
61 30 35 32 18 46 50 52 51 21 57 9 19 6 10 12 14 38 11 4 1 54 49 43 45 15 34 41 53 25 44 40 26 5 64 27 8 56 7 33 39 48 2 23 55 62 22 29 20 16 42 3 28 36 13 24 31 17 60 58 63 59 47 37 
21 57 9 19 6 10 12 14 38 11 4 1 54 49 43 45 15 34 41 53 25 44 40 26 5 64 27 8 56 7 33 39 48 2 23 55 62 22 29 20 16 42 3 28 36 13 24 31 17 60 58 63 59 47 37 61 30 35 32 18 46 50 52 51 
38 11 4 1 54 49 43 45 15 34 41 53 25 44 40 26 5 64 27 8 56 7 33 39 48 2 23 55 62 22 29 20 16 42 3 28 36 13 24 31 17 60 58 63 59 47 37 61 30 35 32 18 46 50 52 51 21 57 9 19 6 10 12 14 
15 34 41 53 25 44 40 26 5 64 27 8 56 7 33 39 48 2 23 55 62 22 29 20 16 42 3 28 36 13 24 31 17 60 58 63 59 47 37 61 30 35 32 18 46 50 52 51 21 57 9 19 6 10 12 14 38 11 4 1 54 49 43 45 
5 64 27 8 56 7 33 39 48 2 23 55 62 22 29 20 16 42 3 28 36 13 24 31 17 60 58 63 59 47 37 61 30 35 32 18 46 50 52 51 21 57 9 19 6 10 12 14 38 11 4 1 54 49 43 45 15 34 41 53 25 44 40 26 
48 2 23 55 62 22 29 20 16 42 3 28 36 13 24 31 17 60 58 63 59 47 37 61 30 35 32 18 46 50 52 51 21 57 9 19 6 10 12 14 38 11 4 1 54 49 43 45 15 34 41 53 25 44 40 26 5 64 27 8 56 7 33 39 
16 42 3 28 36 13 24 31 17 60 58 63 59 47 37 61 30 35 32 18 46 50 52 51 21 57 9 19 6 10 12 14 38 11 4 1 54 49 43 45 15 34 41 53 25 44 40 26 5 64 27 8 56 7 33 39 48 2 23 55 62 22 29 20 
17 60 58 63 59 47 37 61 30 35 32 18 46 50 52 51 21 57 9 19 6 10 12 14 38 11 4 1 54 49 43 45 15 34 41 53 25 44 40 26 5 64 27 8 56 7 33 39 48 2 23 55 62 22 29 20 16 42 3 28 36 13 24 31 
30 35 32 18 46 50 52 51 21 57 9 19 6 10 12 14 38 11 4 1 54 49 43 45 15 34 41 53 25 44 40 26 5 64 27 8 56 7 33 39 48 2 23 55 62 22 29 20 16 42 3 28 36 13 24 31 17 60 58 63 59 47 37 61 
57 9 19 6 10 12 14 38 11 4 1 54 49 43 45 15 34 41 53 25 44 40 26 5 64 27 8 56 7 33 39 48 2 23 55 62 22 29 20 16 42 3 28 36 13 24 31 17 60 58 63 59 47 37 61 30 35 32 18 46 50 52 51 21 
11 4 1 54 49 43 45 15 34 41 53 25 44 40 26 5 64 27 8 56 7 33 39 48 2 23 55 62 22 29 20 16 42 3 28 36 13 24 31 17 60 58 63 59 47 37 61 30 35 32 18 46 50 52 51 21 57 9 19 6 10 12 14 38 
34 41 53 25 44 40 26 5 64 27 8 56 7 33 39 48 2 23 55 62 22 29 20 16 42 3 28 36 13 24 31 17 60 58 63 59 47 37 61 30 35 32 18 46 50 52 51 21 57 9 19 6 10 12 14 38 11 4 1 54 49 43 45 15 
64 27 8 56 7 33 39 48 2 23 55 62 22 29 20 16 42 3 28 36 13 24 31 17 60 58 63 59 47 37 61 30 35 32 18 46 50 52 51 21 57 9 19 6 10 12 14 38 11 4 1 54 49 43 45 15 34 41 53 25 44 40 26 5 
2 23 55 62 22 29 20 16 42 3 28 36 13 24 31 17 60 58 63 59 47 37 61 30 35 32 18 46 50 52 51 21 57 9 19 6 10 12 14 38 11 4 1 54 49 43 45 15 34 41 53 25 44 40 26 5 64 27 8 56 7 33 39 48 
42 3 28 36 13 24 31 17 60 58 63 59 47 37 61 30 35 32 18 46 50 52 51 21 57 9 19 6 10 12 14 38 11 4 1 54 49 43 45 15 34 41 53 25 44 40 26 5 64 27 8 56 7 33 39 48 2 23 55 62 22 29 20 16 
60 58 63 59 47 37 61 30 35 32 18 46 50 52 51 21 57 9 19 6 10 12 14 38 11 4 1 54 49 43 45 15 34 41 53 25 44 40 26 5 64 27 8 56 7 33 39 48 2 23 55 62 22 29 20 16 42 3 28 36 13 24 31 17 
35 32 18 46 50 52 51 21 57 9 19 6 10 12 14 38 11 4 1 54 49 43 45 15 34 41 53 25 44 40 26 5 64 27 8 56 7 33 39 48 2 23 55 62 22 29 20 16 42 3 28 36 13 24 31 17 60 58 63 59 47 37 61 30 
==================
32 18 46 50 52 51 21 57 9 19 6 10 12 14 38 11 4 1 54 49 43 45 15 34 41 53 25 44 40 26 5 64 27 8 56 7 33 39 48 2 23 55 62 22 29 20 16 42 3 28 36 13 24 31 17 60 58 63 59 47 37 61 30 35 
9 19 6 10 12 14 38 11 4 1 54 49 43 45 15 34 41 53 25 44 40 26 5 64 27 8 56 7 33 39 48 2 23 55 62 22 29 20 16 42 3 28 36 13 24 31 17 60 58 63 59 47 37 61 30 35 32 18 46 50 52 51 21 57 
4 1 54 49 43 45 15 34 41 53 25 44 40 26 5 64 27 8 56 7 33 39 48 2 23 55 62 22 29 20 16 42 3 28 36 13 24 31 17 60 58 63 59 47 37 61 30 35 32 18 46 50 52 51 21 57 9 19 6 10 12 14 38 11 
41 53 25 44 40 26 5 64 27 8 56 7 33 39 48 2 23 55 62 22 29 20 16 42 3 28 36 13 24 31 17 60 58 63 59 47 37 61 30 35 32 18 46 50 52 51 21 57 9 19 6 10 12 14 38 11 4 1 54 49 43 45 15 34 
27 8 56 7 33 39 48 2 23 55 62 22 29 20 16 42 3 28 36 13 24 31 17 60 58 63 59 47 37 61 30 35 32 18 46 50 52 51 21 57 9 19 6 10 12 14 38 11 4 1 54 49 43 45 15 34 41 53 25 44 40 26 5 64 
23 55 62 22 29 20 16 42 3 28 36 13 24 31 17 60 58 63 59 47 37 61 30 35 32 18 46 50 52 51 21 57 9 19 6 10 12 14 38 11 4 1 54 49 43 45 15 34 41 53 25 44 40 26 5 64 27 8 56 7 33 39 48 2 
3 28 36 13 24 31 17 60 58 63 59 47 37 61 30 35 32 18 46 50 52 51 21 57 9 19 6 10 12 14 38 11 4 1 54 49 43 45 15 34 41 53 25 44 40 26 5 64 27 8 56 7 33 39 48 2 23 55 62 22 29 20 16 42 
58 63 59 47 37 61 30 35 32 18 46 50 52 51 21 57 9 19 6 10 12 14 38 11 4 1 54 49 43 45 15 34 41 53 25 44 40 26 5 64 27 8 56 7 33 39 48 2 23 55 62 22 29 20 16 42 3 28 36 13 24 31 17 60 
18 46 50 52 51 21 57 9 19 6 10 12 14 38 11 4 1 54 49 43 45 15 34 41 53 25 44 40 26 5 64 27 8 56 7 33 39 48 2 23 55 62 22 29 20 16 42 3 28 36 13 24 31 17 60 58 63 59 47 37 61 30 35 32 
19 6 10 12 14 38 11 4 1 54 49 43 45 15 34 41 53 25 44 40 26 5 64 27 8 56 7 33 39 48 2 23 55 62 22 29 20 16 42 3 28 36 13 24 31 17 60 58 63 59 47 37 61 30 35 32 18 46 50 52 51 21 57 9 
1 54 49 43 45 15 34 41 53 25 44 40 26 5 64 27 8 56 7 33 39 48 2 23 55 62 22 29 20 16 42 3 28 36 13 24 31 17 60 58 63 59 47 37 61 30 35 32 18 46 50 52 51 21 57 9 19 6 10 12 14 38 11 4 
53 25 44 40 26 5 64 27 8 56 7 33 39 48 2 23 55 62 22 29 20 16 42 3 28 36 13 24 31 17 60 58 63 59 47 37 61 30 35 32 18 46 50 52 51 21 57 9 19 6 10 12 14 38 11 4 1 54 49 43 45 15 34 41 
8 56 7 33 39 48 2 23 55 62 22 29 20 16 42 3 28 36 13 24 31 17 60 58 63 59 47 37 61 30 35 32 18 46 50 52 51 21 57 9 19 6 10 12 14 38 11 4 1 54 49 43 45 15 34 41 53 25 44 40 26 5 64 27 
55 62 22 29 20 16 42 3 28 36 13 24 31 17 60 58 63 59 47 37 61 30 35 32 18 46 50 52 51 21 57 9 19 6 10 12 14 38 11 4 1 54 49 43 45 15 34 41 53 25 44 40 26 5 64 27 8 56 7 33 39 48 2 23 
28 36 13 24 31 17 60 58 63 59 47 37 61 30 35 32 18 46 50 52 51 21 57 9 19 6 10 12 14 38 11 4 1 54 49 43 45 15 34 41 53 25 44 40 26 5 64 27 8 56 7 33 39 48 2 23 55 62 22 29 20 16 42 3 
63 59 47 37 61 30 35 32 18 46 50 52 51 21 57 9 19 6 10 12 14 38 11 4 1 54 49 43 45 15 34 41 53 25 44 40 26 5 64 27 8 56 7 33 39 48 2 23 55 62 22 29 20 16 42 3 28 36 13 24 31 17 60 58 
46 50 52 51 21 57 9 19 6 10 12 14 38 11 4 1 54 49 43 45 15 34 41 53 25 44 40 26 5 64 27 8 56 7 33 39 48 2 23 55 62 22 29 20 16 42 3 28 36 13 24 31 17 60 58 63 59 47 37 61 30 35 32 18 
6 10 12 14 38 11 4 1 54 49 43 45 15 34 41 53 25 44 40 26 5 64 27 8 56 7 33 39 48 2 23 55 62 22 29 20 16 42 3 28 36 13 24 31 17 60 58 63 59 47 37 61 30 35 32 18 46 50 52 51 21 57 9 19 
54 49 43 45 15 34 41 53 25 44 40 26 5 64 27 8 56 7 33 39 48 2 23 55 62 22 29 20 16 42 3 28 36 13 24 31 17 60 58 63 59 47 37 61 30 35 32 18 46 50 52 51 21 57 9 19 6 10 12 14 38 11 4 1 
25 44 40 26 5 64 27 8 56 7 33 39 48 2 23 55 62 22 29 20 16 42 3 28 36 13 24 31 17 60 58 63 59 47 37 61 30 35 32 18 46 50 52 51 21 57 9 19 6 10 12 14 38 11 4 1 54 49 43 45 15 34 41 53 
56 7 33 39 48 2 23 55 62 22 29 20 16 42 3 28 36 13 24 31 17 60 58 63 59 47 37 61 30 35 32 18 46 50 52 51 21 57 9 19 6 10 12 14 38 11 4 1 54 49 43 45 15 34 41 53 25 44 40 26 5 64 27 8 
62 22 29 20 16 42 3 28 36 13 24 31 17 60 58 63 59 47 37 61 30 35 32 18 46 50 52 51 21 57 9 19 6 10 12 14 38 11 4 1 54 49 43 45 15 34 41 53 25 44 40 26 5 64 27 8 56 7 33 39 48 2 23 55 
36 13 24 31 17 60 58 63 59 47 37 61 30 35 32 18 46 50 52 51 21 57 9 19 6 10 12 14 38 11 4 1 54 49 43 45 15 34 41 53 25 44 40 26 5 64 27 8 56 7 33 39 48 2 23 55 62 22 29 20 16 42 3 28 
59 47 37 61 30 35 32 18 46 50 52 51 21 57 9 19 6 10 12 14 38 11 4 1 54 49 43 45 15 34 41 53 25 44 40 26 5 64 27 8 56 7 33 39 48 2 23 55 62 22 29 20 16 42 3 28 36 13 24 31 17 60 58 63 
50 52 51 21 57 9 19 6 10 12 14 38 11 4 1 54 49 43 45 15 34 41 53 25 44 40 26 5 64 27 8 56 7 33 39 48 2 23 55 62 22 29 20 16 42 3 28 36 13 24 31 17 60 58 63 59 47 37 61 30 35 32 18 46 
10 12 14 38 11 4 1 54 49 43 45 15 34 41 53 25 44 40 26 5 64 27 8 56 7 33 39 48 2 23 55 62 22 29 20 16 42 3 28 36 13 24 31 17 60 58 63 59 47 37 61 30 35 32 18 46 50 52 51 21 57 9 19 6 
49 43 45 15 34 41 53 25 44 40 26 5 64 27 8 56 7 33 39 48 2 23 55 62 22 29 20 16 42 3 28 36 13 24 31 17 60 58 63 59 47 37 61 30 35 32 18 46 50 52 51 21 57 9 19 6 10 12 14 38 11 4 1 54 
44 40 26 5 64 27 8 56 7 33 39 48 2 23 55 62 22 29 20 16 42 3 28 36 13 24 31 17 60 58 63 59 47 37 61 30 35 32 18 46 50 52 51 21 57 9 19 6 10 12 14 38 11 4 1 54 49 43 45 15 34 41 53 25 
7 33 39 48 2 23 55 62 22 29 20 16 42 3 28 36 13 24 31 17 60 58 63 59 47 37 61 30 35 32 18 46 50 52 51 21 57 9 19 6 10 12 14 38 11 4 1 54 49 43 45 15 34 41 53 25 44 40 26 5 64 27 8 56 
22 29 20 16 42 3 28 36 13 24 31 17 60 58 63 59 47 37 61 30 35 32 18 46 50 52 51 21 57 9 19 6 10 12 14 38 11 4 1 54 49 43 45 15 34 41 53 25 44 40 26 5 64 27 8 56 7 33 39 48 2 23 55 62 
13 24 31 17 60 58 63 59 47 37 61 30 35 32 18 46 50 52 51 21 57 9 19 6 10 12 14 38 11 4 1 54 49 43 45 15 34 41 53 25 44 40 26 5 64 27 8 56 7 33 39 48 2 23 55 62 22 29 20 16 42 3 28 36 
47 37 61 30 35 32 18 46 50 52 51 21 57 9 19 6 10 12 14 38 11 4 1 54 49 43 45 15 34 41 53 25 44 40 26 5 64 27 8 56 7 33 39 48 2 23 55 62 22 29 20 16 42 3 28 36 13 24 31 17 60 58 63 59 
52 51 21 57 9 19 6 10 12 14 38 11 4 1 54 49 43 45 15 34 41 53 25 44 40 26 5 64 27 8 56 7 33 39 48 2 23 55 62 22 29 20 16 42 3 28 36 13 24 31 17 60 58 63 59 47 37 61 30 35 32 18 46 50 
12 14 38 11 4 1 54 49 43 45 15 34 41 53 25 44 40 26 5 64 27 8 56 7 33 39 48 2 23 55 62 22 29 20 16 42 3 28 36 13 24 31 17 60 58 63 59 47 37 61 30 35 32 18 46 50 52 51 21 57 9 19 6 10 
43 45 15 34 41 53 25 44 40 26 5 64 27 8 56 7 33 39 48 2 23 55 62 22 29 20 16 42 3 28 36 13 24 31 17 60 58 63 59 47 37 61 30 35 32 18 46 50 52 51 21 57 9 19 6 10 12 14 38 11 4 1 54 49 
40 26 5 64 27 8 56 7 33 39 48 2 23 55 62 22 29 20 16 42 3 28 36 13 24 31 17 60 58 63 59 47 37 61 30 35 32 18 46 50 52 51 21 57 9 19 6 10 12 14 38 11 4 1 54 49 43 45 15 34 41 53 25 44 
33 39 48 2 23 55 62 22 29 20 16 42 3 28 36 13 24 31 17 60 58 63 59 47 37 61 30 35 32 18 46 50 52 51 21 57 9 19 6 10 12 14 38 11 4 1 54 49 43 45 15 34 41 53 25 44 40 26 5 64 27 8 56 7 
29 20 16 42 3 28 36 13 24 31 17 60 58 63 59 47 37 61 30 35 32 18 46 50 52 51 21 57 9 19 6 10 12 14 38 11 4 1 54 49 43 45 15 34 41 53 25 44 40 26 5 64 27 8 56 7 33 39 48 2 23 55 62 22 
24 31 17 60 58 63 59 47 37 61 30 35 32 18 46 50 52 51 21 57 9 19 6 10 12 14 38 11 4 1 54 49 43 45 15 34 41 53 25 44 40 26 5 64 27 8 56 7 33 39 48 2 23 55 62 22 29 20 16 42 3 28 36 13 
37 61 30 35 32 18 46 50 52 51 21 57 9 19 6 10 12 14 38 11 4 1 54 49 43 45 15 34 41 53 25 44 40 26 5 64 27 8 56 7 33 39 48 2 23 55 62 22 29 20 16 42 3 28 36 13 24 31 17 60 58 63 59 47 
51 21 57 9 19 6 10 12 14 38 11 4 1 54 49 43 45 15 34 41 53 25 44 40 26 5 64 27 8 56 7 33 39 48 2 23 55 62 22 29 20 16 42 3 28 36 13 24 31 17 60 58 63 59 47 37 61 30 35 32 18 46 50 52 
14 38 11 4 1 54 49 43 45 15 34 41 53 25 44 40 26 5 64 27 8 56 7 33 39 48 2 23 55 62 22 29 20 16 42 3 28 36 13 24 31 17 60 58 63 59 47 37 61 30 35 32 18 46 50 52 51 21 57 9 19 6 10 12 
45 15 34 41 53 25 44 40 26 5 64 27 8 56 7 33 39 48 2 23 55 62 22 29 20 16 42 3 28 36 13 24 31 17 60 58 63 59 47 37 61 30 35 32 18 46 50 52 51 21 57 9 19 6 10 12 14 38 11 4 1 54 49 43 
26 5 64 27 8 56 7 33 39 48 2 23 55 62 22 29 20 16 42 3 28 36 13 24 31 17 60 58 63 59 47 37 61 30 35 32 18 46 50 52 51 21 57 9 19 6 10 12 14 38 11 4 1 54 49 43 45 15 34 41 53 25 44 40 
39 48 2 23 55 62 22 29 20 16 42 3 28 36 13 24 31 17 60 58 63 59 47 37 61 30 35 32 18 46 50 52 51 21 57 9 19 6 10 12 14 38 11 4 1 54 49 43 45 15 34 41 53 25 44 40 26 5 64 27 8 56 7 33 
20 16 42 3 28 36 13 24 31 17 60 58 63 59 47 37 61 30 35 32 18 46 50 52 51 21 57 9 19 6 10 12 14 38 11 4 1 54 49 43 45 15 34 41 53 25 44 40 26 5 64 27 8 56 7 33 39 48 2 23 55 62 22 29 
31 17 60 58 63 59 47 37 61 30 35 32 18 46 50 52 51 21 57 9 19 6 10 12 14 38 11 4 1 54 49 43 45 15 34 41 53 25 44 40 26 5 64 27 8 56 7 33 39 48 2 23 55 62 22 29 20 16 42 3 28 36 13 24 
61 30 35 32 18 46 50 52 51 21 57 9 19 6 10 12 14 38 11 4 1 54 49 43 45 15 34 41 53 25 44 40 26 5 64 27 8 56 7 33 39 48 2 23 55 62 22 29 20 16 42 3 28 36 13 24 31 17 60 58 63 59 47 37 
21 57 9 19 6 10 12 14 38 11 4 1 54 49 43 45 15 34 41 53 25 44 40 26 5 64 27 8 56 7 33 39 48 2 23 55 62 22 29 20 16 42 3 28 36 13 24 31 17 60 58 63 59 47 37 61 30 35 32 18 46 50 52 51 
38 11 4 1 54 49 43 45 15 34 41 53 25 44 40 26 5 64 27 8 56 7 33 39 48 2 23 55 62 22 29 20 16 42 3 28 36 13 24 31 17 60 58 63 59 47 37 61 30 35 32 18 46 50 52 51 21 57 9 19 6 10 12 14 
15 34 41 53 25 44 40 26 5 64 27 8 56 7 33 39 48 2 23 55 62 22 29 20 16 42 3 28 36 13 24 31 17 60 58 63 59 47 37 61 30 35 32 18 46 50 52 51 21 57 9 19 6 10 12 14 38 11 4 1 54 49 43 45 
5 64 27 8 56 7 33 39 48 2 23 55 62 22 29 20 16 42 3 28 36 13 24 31 17 60 58 63 59 47 37 61 30 35 32 18 46 50 52 51 21 57 9 19 6 10 12 14 38 11 4 1 54 49 43 45 15 34 41 53 25 44 40 26 
48 2 23 55 62 22 29 20 16 42 3 28 36 13 24 31 17 60 58 63 59 47 37 61 30 35 32 18 46 50 52 51 21 57 9 19 6 10 12 14 38 11 4 1 54 49 43 45 15 34 41 53 25 44 40 26 5 64 27 8 56 7 33 39 
16 42 3 28 36 13 24 31 17 60 58 63 59 47 37 61 30 35 32 18 46 50 52 51 21 57 9 19 6 10 12 14 38 11 4 1 54 49 43 45 15 34 41 53 25 44 40 26 5 64 27 8 56 7 33 39 48 2 23 55 62 22 29 20 
17 60 58 63 59 47 37 61 30 35 32 18 46 50 52 51 21 57 9 19 6 10 12 14 38 11 4 1 54 49 43 45 15 34 41 53 25 44 40 26 5 64 27 8 56 7 33 39 48 2 23 55 62 22 29 20 16 42 3 28 36 13 24 31 
30 35 32 18 46 50 52 51 21 57 9 19 6 10 12 14 38 11 4 1 54 49 43 45 15 34 41 53 25 44 40 26 5 64 27 8 56 7 33 39 48 2 23 55 62 22 29 20 16 42 3 28 36 13 24 31 17 60 58 63 59 47 37 61 
57 9 19 6 10 12 14 38 11 4 1 54 49 43 45 15 34 41 53 25 44 40 26 5 64 27 8 56 7 33 39 48 2 23 55 62 22 29 20 16 42 3 28 36 13 24 31 17 60 58 63 59 47 37 61 30 35 32 18 46 50 52 51 21 
11 4 1 54 49 43 45 15 34 41 53 25 44 40 26 5 64 27 8 56 7 33 39 48 2 23 55 62 22 29 20 16 42 3 28 36 13 24 31 17 60 58 63 59 47 37 61 30 35 32 18 46 50 52 51 21 57 9 19 6 10 12 14 38 
34 41 53 25 44 40 26 5 64 27 8 56 7 33 39 48 2 23 55 62 22 29 20 16 42 3 28 36 13 24 31 17 60 58 63 59 47 37 61 30 35 32 18 46 50 52 51 21 57 9 19 6 10 12 14 38 11 4 1 54 49 43 45 15 
64 27 8 56 7 33 39 48 2 23 55 62 22 29 20 16 42 3 28 36 13 24 31 17 60 58 63 59 47 37 61 30 35 32 18 46 50 52 51 21 57 9 19 6 10 12 14 38 11 4 1 54 49 43 45 15 34 41 53 25 44 40 26 5 
2 23 55 62 22 29 20 16 42 3 28 36 13 24 31 17 60 58 63 59 47 37 61 30 35 32 18 46 50 52 51 21 57 9 19 6 10 12 14 38 11 4 1 54 49 43 45 15 34 41 53 25 44 40 26 5 64 27 8 56 7 33 39 48 
42 3 28 36 13 24 31 17 60 58 63 59 47 37 61 30 35 32 18 46 50 52 51 21 57 9 19 6 10 12 14 38 11 4 1 54 49 43 45 15 34 41 53 25 44 40 26 5 64 27 8 56 7 33 39 48 2 23 55 62 22 29 20 16 
60 58 63 59 47 37 61 30 35 32 18 46 50 52 51 21 57 9 19 6 10 12 14 38 11 4 1 54 49 43 45 15 34 41 53 25 44 40 26 5 64 27 8 56 7 33 39 48 2 23 55 62 22 29 20 16 42 3 28 36 13 24 31 17 
35 32 18 46 50 52 51 21 57 9 19 6 10 12 14 38 11 4 1 54 49 43 45 15 34 41 53 25 44 40 26 5 64 27 8 56 7 33 39 48 2 23 55 62 22 29 20 16 42 3 28 36 13 24 31 17 60 58 63 59 47 37 61 30 
